1312
788
878
804
806
886
823
737
766
778
861
818
820
806
772
889
825
702
835
776
747
789
749
764
769
716
842
808
743
863
821
785
845
844
841
834
828
797
785
781
765
790
737
908
860
744
780
777
839
796
813
799
798
868
789
876
723
829
806
811
819
775
783
749
746
815
822
803
846
903
775
685
850
765
766
851
786
739
809
793
800
819
781
832
789
817
855
822
784
857
850
827
812
769
868
770
909
877
788
749
764
813
788
783
752
798
761
717
781
846
771
830
719
797
826
815
805
768
758
749
806
753
1318
787
892
767
812
804
752
796
262
823
802
779
697
857
727
837
895
728
835
787
721
724
720
773
727
834
905
736
839
838
817
750
794
786
828
781
255
781
853
224
737
962
779
815
832
776
826
818
789
803
798
906
763
745
802
245
822
777
747
863
783
757
788
237
855
804
838
775
811
784
805
755
734
900
830
737
769
741
910
866
787
827
779
776
761
770
1500
797
806
812
862
774
750
884
778
764
738
736
771
831
855
835
782
803
765
764
844
225
898
795
811
763
771
734
791
821
816
761
761
775
875
743
791
269
795
732
767
824
781
772
783
805
880
796
854
832
794
723
774
775
802
865
915
877
793
712
781
1368
842
1442
834
730
842
778
809
804
821
801
717
837
819
787
806
807
811
882
789
808
258
853
857
771
900
803
893
732
801
862
764
762
753
747
778
817
699
811
862
902
865
838
714
770
782
835
1351
737
884
845
812
861
733
833
774
834
797
832
867
800
851
740
764
876
819
697
732
790
843
795
831
848
883
803
797
712
805
771
751
791
851
700
778
806
755
816
820
798
676
928
789
832
813
851
841
789
819
752
842
777
920
717
1320
841
825
770
750
807
799
710
801
809
808
747
823
868
822
743
778
817
767
691
843
758
771
874
760
841
736
234
795
741
767
797
832
716
781
837
1312
810
823
812
831
792
778
666
794
820
825
771
887
812
804
862
762
775
918
798
879
726
788
816
812
1270
798
743
833
851
686
859
735
819
830
786
764
805
818
840
693
714
1474
848
817
831
841
662
850
770
806
780
838
777
820
774
739
854
830
879
796
849
891
778
725
779
780
798
876
774
809
778
790
805
257
795
824
827
833
758
868
767
781
856
850
730
740
716
792
791
800
809
751
731
831
817
703
773
733
673
784
772
770
785
818
783
741
734
764
785
717
759
815
761
219
1275
819
790
823
230
234
730
787
730
683
759
849
790
807
766
716
735
730
719
233
679
781
779
674
764
852
701
770
686
779
734
802
645
713
1169
702
678
666
735
649
775
640
702
721
721
675
691
733
609
641
693
652
741
703
670
589
663
643
651
594
675
596
633
661
600
665
170
490
651
667
607
644
558
606
513
666
697
654
596
593
516
628
575
550
509
562
532
551
507
650
562
613
427
531
517
487
623
472
556
580
544
488
577
536
471
453
624
483
422
539
525
440
408
497
558
530
472
453
506
498
520
466
529
441
464
877
526
378
479
502
397
492
425
516
490
501
467
502
527
555
454
341
454
462
442
477
498
421
431
464
416
447
343
384
373
396
403
456
485
399
385
382
412
420
456
415
326
425
488
488
388
350
550
418
421
446
344
116
347
389
429
355
452
437
376
433
458
474
410
706
416
492
476
461
405
438
439
367
332
450
342
418
430
446
427
381
467
505
462
320
488
415
444
449
413
414
469
453
467
537
451
428
307
553
394
161
437
496
413
133
430
410
413
470
410
318
410
447
452
452
337
440
470
486
411
406
497
102
402
447
343
438
519
425
412
450
412
467
472
428
369
363
399
469
332
336
398
451
386
477
449
425
475
136
413
447
469
455
404
481
496
453
447
437
549
456
435
318
366
441
456
460
488
438
509
403
390
389
489
448
493
441
426
438
364
399
387
512
431
501
538
772
479
378
426
800
484
432
605
449
476
507
474
444
530
559
143
509
477
534
427
602
457
415
472
498
573
539
502
426
454
490
627
408
559
477
588
449
515
454
556
586
611
555
608
580
512
544
473
514
586
553
551
477
500
494
553
486
565
820
631
564
508
556
528
566
561
499
512
568
636
610
526
600
558
577
577
694
507
573
480
600
627
646
479
597
658
559
570
987
602
619
653
175
599
715
614
603
528
597
997
599
572
567
567
594
674
659
590
525
569
589
618
581
716
603
557
1041
570
629
190
642
544
637
643
557
677
670
747
641
636
640
639
544
554
635
611
193
536
568
588
694
590
606
651
632
656
765
594
636
626
728
615
650
695
603
739
691
604
682
649
676
656
215
595
637
651
614
613
665
659
539
719
680
789
703
647
810
812
610
695
662
682
1164
611
688
762
667
667
746
721
178
689
760
749
699
715
619
695
632
657
728
624
695
703
685
774
632
214
1154
671
707
633
619
660
773
688
702
677
710
639
223
716
647
690
724
716
762
658
745
741
681
641
635
713
686
779
717
672
639
662
708
669
717
675
686
655
787
709
704
608
726
642
648
222
671
606
1329
575
722
745
662
716
716
746
719
682
740
735
648
625
703
681
646
699
629
704
664
744
817
650
749
737
693
673
775
596
664
625
766
687
670
856
694
675
712
1052
722
692
721
648
646
663
659
762
776
690
680
681
701
703
712
660
655
758
670
713
695
650
728
212
768
704
1159
712
639
657
724
682
695
693
666
598
716
737
634
773
1220
766
651
707
694
737
670
698
610
660
705
664
697
1148
729
757
658
684
771
589
683
802
809
212
656
707
667
772
198
718
730
661
223
662
731
754
650
755
675
714
709
678
713
638
693
741
591
625
641
620
720
650
591
668
680
742
644
758
719
718
657
797
691
608
689
603
684
679
734
750
663
740
771
660
667
732
709
727
770
719
752
731
721
719
764
195
644
1240
694
703
737
737
687
684
211
753
721
771
699
756
744
730
721
686
694
711
702
747
694
696
676
693
696
584
632
696
687
640
600
682
733
789
698
775
704
706
716
656
697
745
662
684
643
718
721
732
639
705
653
700
767
675
736
662
676
722
666
615
763
718
671
600
795
869
710
1262
761
665
682
614
663
731
685
689
694
607
742
628
690
678
689
232
671
661
624
198
642
720
657
715
693
628
660
744
745
800
700
625
662
720
795
705
757
738
642
691
765
744
723
724
675
634
765
629
653
731
637
672
641
731
722
721
722
728
732
602
693
706
736
641
675
646
753
229
739
639
723
758
708
672
1098
667
736
678
711
765
729
768
615
686
703
729
642
740
715
713
725
694
746
732
692
752
715
733
670
779
700
742
695
686
739
621
724
720
565
718
177
733
677
665
700
769
668
728
717
641
613
600
728
698
793
729
742
767
675
726
743
768
738
721
657
736
725
732
721
690
696
734
709
658
685
634
652
693
610
616
755
671
607
1180
766
733
722
759
661
736
201
700
811
748
738
645
661
814
645
711
745
751
226
692
659
685
655
731
756
806
718
656
751
745
688
622
738
756
685
727
686
734
694
683
706
686
670
684
700
710
777
632
1173
732
788
721
699
685
721
749
691
708
711
736
756
714
696
770
708
779
697
731
623
694
699
662
648
747
746
635
721
644
647
726
666
750
702
1236
674
642
746
712
688
703
766
665
663
669
621
741
710
710
698
674
659
743
629
722
660
714
663
674
788
733
593
212
677
1093
710
706
1162
799
588
742
686
733
677
1140
614
1172
824
749
784
746
757
745
724
671
673
620
700
223
752
705
673
865
737
771
683
698
722
784
684
743
595
675
635
756
692
680
768
756
655
721
639
676
781
773
755
1141
606
641
748
685
592
1175
771
732
659
623
659
702
744
603
751
700
728
617
667
678
752
751
1227
780
674
751
698
667
746
769
744
675
677
769
718
741
683
763
198
731
659
577
633
707
744
612
637
788
678
725
674
685
704
701
207
677
548
793
790
645
692
769
750
764
646
829
1094
738
707
680
681
650
781
704
713
1208
681
643
713
595
629
646
646
705
780
624
722
745
651
1186
741
687
689
715
697
672
1178
794
744
654
638
682
766
715
665
223
693
644
723
776
722
710
667
728
646
617
698
698
818
639
709
740
753
699
663
697
797
724
598
771
727
698
1188
693
713
675
714
653
710
755
725
752
645
703
731
647
778
648
708
708
706
689
722
648
636
667
697
763
779
716
719
688
702
630
714
673
717
683
667
689
682
755
710
722
638
775
708
657
715
744
631
785
692
756
704
683
608
645
698
741
606
769
770
643
724
648
694
746
743
658
681
651
717
622
569
773
814
677
738
700
774
728
710
610
754
682
630
690
694
753
642
672
1316
768
758
783
710
671
728
753
821
602
714
1246
697
622
737
661
725
745
764
622
754
662
636
766
757
688
738
657
692
695
1166
737
777
677
698
782
684
570
726
656
650
771
247
648
752
695
707
761
711
657
676
734
583
755
622
701
690
765
709
705
735
659
690
759
734
636
732
631
1139
761
587
611
765
659
762
692
721
741
667
205
679
841
706
724
683
688
769
683
701
719
678
798
629
801
682
768
600
1271
744
636
662
213
757
662
689
779
644
747
722
645
667
739
712
771
670
614
752
670
706
786
687
777
645
746
214
663
636
704
713
714
727
677
674
